0
0
0
0
0
0
0
0
0
18
786
0
0
1253
1561
0
297
0
1543
306
472
594
0
0
623
294
0
1181
1105
1887
4196
9
5876
64
612
426
890
411
971
1002
57
191
142
416
313
97
0
276
43
2379
1002
0
0
558
332
124
1403
70
72
877
592
77
2098
513
0
0
615
413
954
2916
225
0
1419
0
1298
50
756
0
335
17
846
0
1002
0
333
97
0
668
0
0
0
0
0
0
709
0
158
198
268
0
289
0
0
2237
0
0
331
1227
0
0
10593
117
0
1454
55
0
0
0
0
0
124
78
218
1750
0
46
345
0
66
295
14
2513
0
0
176
0
0
0
0
0
0
0
4
0
0
0
64
0
0
1898
0
0
1054
0
0
0
0
0
64
0
0
0
1444
0
2192
0
244
1536
5615
3587
1780
0
0
0
49
0
28
413
7933
7548
0
7548
385
28
0
0
0
0
0
0
0
0
251
251
0
251
32
0
0
0
0
0
0
178
788
622
0
610
0
0
12
12
178
0
12
12
0
0
64
0
12
0
0
0
12
0
0
0
0
0
66
312
246
0
0
12
2397
0
80
171
0
0
2660
0
0
2660
0
0
0
13
22
16
0
53
461
194
0
57
0
10
0
246
66
0
86
97
183
0
60
243
0
0
60
0
0
0
0
25
86
191
62
0
25
61
285
0
924
2353
0
1855
2075
590
1513
426
589
3154
0
3154
121
121
0
488
0
121
224
248
737
58
323
0
0
0
472
0
0
0
178
178
0
0
178
1872
0
187
0
60
645
585
323
29
0
0
0
0
0
60
395
1374
1293
0
0
850
0
0
0
0
35
0
8270
0
0
0
10
0
29
0
335
690
171
0
227
477
227
2818
477
544
0
556
23
774
866
28
1459
1459
1759
3170
524
763
2695
363
30
0
0
0
0
0
0
0
0
0
0
0
36
0
25743
9120
0
5269
3906
4073
4
1841
734
29563
0
52
694
2187
31
104
0
711
7276
0
184
29224
0
0
210
2129
273
2285
1941
1566
0
0
22
0
0
0
808
0
3680
1757
0
0
109
479
0
109
0
0
0
0
172
506
0
147
43
2056
7616
0
106
0
954
0
978
3
8878
6777
0
0
0
0
34
0
0
78
78
0
0
78
0
424
0
