0
0
0
0
0
0
0
0
0
15
1646
0
0
2340
2796
35
599
0
2869
582
930
1134
0
0
1177
507
0
2157
1968
3381
7087
9
10313
219
1069
801
1534
653
1792
1659
116
404
208
700
517
162
0
582
102
3911
1526
0
0
1174
634
170
2520
139
108
1345
977
164
3720
989
0
0
1065
805
1872
5355
440
0
2526
0
2340
66
1412
0
645
31
1492
8
1624
0
503
144
0
1209
4
0
0
0
0
0
1108
2
201
370
408
2
443
7
0
3875
0
0
501
1994
1
0
18442
213
0
2957
176
0
0
0
0
0
230
514
457
3275
0
62
527
0
139
557
37
4375
0
0
253
2
0
0
0
0
0
0
4
0
0
0
106
0
0
3688
0
0
2090
2
0
32
0
1
106
1
0
0
2471
0
3478
0
463
2827
9500
5863
3290
1
0
0
108
0
87
791
14135
13431
0
13431
704
87
1
3
2
0
2
0
1
0
436
436
0
436
91
0
0
0
1
0
63
387
1404
993
0
968
0
0
13
13
436
0
30
31
1
1
145
0
30
0
0
0
13
4
0
0
0
0
116
596
480
2
2
27
4746
0
108
316
0
0
5197
0
0
5197
0
0
0
27
37
26
0
89
784
343
0
94
7
13
0
480
116
0
171
136
307
0
236
543
0
0
236
0
0
0
0
56
131
291
121
0
56
75
575
0
1585
3436
0
2545
2965
1116
2646
694
1061
5292
1
5067
312
312
0
948
0
312
444
415
1289
127
557
1
1
0
859
0
0
0
397
398
0
0
397
3306
0
296
0
43
988
947
557
88
0
0
0
1
2
43
662
2303
2178
1
0
1489
1
21
0
0
69
0
15825
0
3
0
5
2
88
0
619
1059
316
0
402
888
402
5769
888
1075
4
861
30
1489
1631
105
2697
2697
3118
5584
943
1340
4720
601
51
236
0
0
0
0
0
0
0
0
4
0
150
0
47355
15027
3
9796
7208
7585
4
3033
1295
50582
0
128
1192
3723
52
230
0
1314
12232
0
299
51721
0
0
345
4000
528
4005
3567
2645
4
0
28
58
0
105
1298
0
6446
3129
0
0
151
825
0
151
0
0
0
0
236
890
0
225
57
3206
12746
0
155
0
1558
0
1903
3
16643
13063
0
0
0
0
42
0
1
123
123
1
0
123
0
601
0
