144
0
110492
0
81
0
719773
18
0
0
0
267
30
4199
0
3719
0
636
3533
460
0
1028
90
72
1670445
133141
1385
0
0
0
0
0
0
36
275
0
0
0
534
534
4161
21
0
1023
1295
403911
96
608
1302
0
876
540
0
1097
0
675
35
1462
110492
0
159
69
0
524745
524745
0
0
0
275
716
743
0
743
0
133
50
1302
1394
183
2487
0
688357
0
115
1878
0
0
203
0
0
0
539
0
0
12
0
0
0
0
0
0
0
0
0
0
3414
571068
1165
0
1241
0
994
4
0
694
918
0
0
0
0
15
15
156
1276
1492
2120
776
314
7917
3853
0
0
0
6078
6078
0
0
311
0
6461
6431
0
78
1096
738
1077
0
0
128
235
457
9299
9299
0
0
0
175
279
0
726
0
14
0
0
474
70
0
0
0
0
851
851
0
0
37
26
108
34
176
4
124
438
15
226
52
0
0
0
26
4332
7205
37
3027
26
129
0
2626
1636
382
0
674
379
0
21
1545
186
242
1925
0
0
150
104
80
60
0
0
0
0
0
0
3394
97
0
0
131
3872
1470
1077
436
10885
0
9389
10800
9474
38058
29340
82
1632
3394
109
0
0
131
3872
1470
1077
436
24
0
0
11329
2129
1225
387
284
1467
0
0
3
0
10155
0
85
0
0
0
173
0
0
0
0
0
211
229
24
5229
18
0
0
180
345
403911
106
122
78
18
474
691086
133141
0
128
0
224
34
0
0
0
0
12
0
0
12
0
0
376
89
177
3311
0
0
359
1096
0
0
0
0
0
0
5072
0
0
10425
10425
0
3332
0
0
0
0
0
0
0
0
261
0
4754
635
0
1288
0
0
388
1584
610
0
0
0
0
0
0
0
0
0
0
0
0
0
48
0
0
0
118
0
0
0
2376
2376
2376
8352
0
5343
41
5302
823
0
0
0
177
0
5302
40
0
275
0
0
0
0
0
0
33793
34049
88
0
34012
34012
33841
0
56
0
1067
0
58
2588
0
2588
2588
1161
0
0
0
58
0
0
60
0
408
356
0
0
257
0
0
30220
30220
0
0
0
9
133141
0
5746
295
0
12
0
0
0
0
0
0
6
59
0
0
0
224
12
0
218
0
0
0
0
0
0
0
0
0
0
0
0
0
0
0
0
0
55
846
55
903
846
1571
778
1077
354
0
3
863
0
79903
200352
1125
165692
15
40
14313
445286
374
2
524011
648
660
0
0
679
0
0
42072
34
349
0
259
10
0
171
0
0
36
0
0
82
0
0
0
0
0
0
0
0
619
1519
0
392
392
7856
664
0
0
619
619
12
0
0
248
0
436251
472244
473822
474798
13
151
0
12
0
0
63
437465
1071
424082
529
8284
122
641
265807
0
141
0
572
0
36
0
0
0
0
0
0
0
770
324
1010
884318
6744
14448
884170
862
114
1775647
0
0
0
0
205
0
0
1775541
1775541
14
1773871
84
42
41
73
125
0
0
0
0
0
0
0
0
946
504
0
0
12
0
0
362
0
0
11692
78310
76
0
4
0
0
0
204
0
126
11
6443
319
500
0
0
48
435
234
0
0
0
224
0
0
429
429
429
0
760
275
0
0
14
3712
14
0
0
852
0
2290
2532
12
530600
0
417
533307
530763
532921
530763
0
540029
540029
3885
93
151
87
2748
1736
162
0
0
0
2035
2050
2035
1303
0
0
312
0
377
0
543991
0
544881
0
692
1582
0
0
0
1582
190
60
250
36
0
25954
0
26637
1335
0
4442
4442
0
0
0
0
8
0
129
58
199
0
0
0
187
26050
0
0
32
32
0
0
54
394
482
0
0
0
24
5
56
573571
573574
0
86
118
0
0
14
14
0
14
0
0
0
0
86
0
573642
573671
448
4442
190
0
112
343
122
0
12
12
4683
4683
342
354
342
75
0
3
0
0
284
0
872
0
0
0
0
24
0
0
0
0
0
694
0
200
6236
0
200
0
0
0
143640
0
23
352
3676
480
4531
0
0
0
0
0
36
0
3329
3684
2076
159117
159117
0
117
0
8897
8897
0
28
28
14
0
134
64
0
0
64
0
0
0
0
429
0
0
0
8897
4757
209
0
4508
3329
42
397
7800
191
355
0
70
0
1122
217
0
2745
0
0
0
352
76
0
560
0
0
0
0
0
717
415
0
710
0
0
54
0
0
296
296
232
232
0
296
107
0
0
0
1152
1242
0
0
0
1152
232
96
0
32
0
11929
376
12305
12305
595931
1688150
796942
78357
0
1766266
0
5
0
0
1873
0
418
456
0
0
0
0
0
0
0
0
0
0
0
0
99
374
0
0
0
0
51
0
12
18049
1256
696
0
0
