120
0
202005
0
109
0
1286033
15
0
0
0
536
51
7615
0
6775
0
1127
6398
888
0
1967
75
60
2993300
260019
2540
0
0
0
0
0
0
30
444
0
0
2
914
916
7213
35
2
1805
2103
693653
184
951
2123
0
1689
1021
0
1910
7
1199
56
2764
202005
0
312
111
0
913826
913826
2
0
0
521
1298
1340
0
1340
0
218
75
2435
2705
293
4807
2
1225954
0
413
3415
0
0
326
0
0
0
1141
0
0
48
0
0
0
0
0
0
5
0
0
2
6093
1018724
2035
0
1864
0
1727
4
0
1109
1487
1
0
2
0
29
29
319
2046
2221
3330
1072
477
12740
6234
0
0
3
10243
10243
0
0
555
0
10615
10880
0
193
1694
1110
1858
0
0
252
376
674
14602
14602
0
4
0
296
697
0
1326
0
61
0
0
866
305
0
0
3
0
1361
1361
0
0
60
51
180
43
305
4
223
773
15
359
66
0
0
0
54
7683
12913
45
5099
54
206
2
4445
2803
616
0
1138
522
0
35
2654
310
344
3232
0
0
257
198
82
60
8
0
0
0
0
0
6078
160
0
0
214
8794
3214
1847
696
21905
0
19205
21768
19349
67639
49724
144
2892
6078
185
0
0
214
8794
3214
1847
696
41
0
0
22658
3664
2032
617
453
2545
1
0
3
0
20544
0
145
3
0
0
327
1
0
2
0
0
325
372
95
8083
15
0
0
3899
557
693653
163
181
95
15
747
1228647
260019
32
187
0
360
57
3
0
0
0
11
0
112
26
0
0
716
177
335
11486
0
20
570
1878
0
191
0
0
0
1
9922
0
0
25006
25006
0
5922
26
0
0
0
0
0
0
0
467
0
8756
1184
0
2210
30
0
712
2537
1121
0
0
2
5
0
0
1603
0
0
0
0
1
0
81
3
0
0
271
0
0
0
3905
3905
3905
14324
0
8968
77
9015
1282
0
0
0
245
0
8891
40
0
474
0
0
3
0
0
0
64146
64594
130
0
64542
64542
64224
0
80
0
1875
0
81
4296
0
4298
4296
1962
100
1
0
78
0
0
102
0
589
572
6
0
414
0
0
58178
57782
0
0
0
46
260019
0
10874
411
6
34
0
0
0
0
0
0
39
135
0
0
0
360
48
69
326
0
0
0
0
3
0
1
0
0
0
0
0
0
0
0
0
0
90
1439
90
1532
1439
2858
1612
1957
615
0
3
1511
0
134090
352839
2777
287957
15
99
27822
807488
564
2
904849
990
1048
0
0
865
0
0
81846
42
488
7
441
32
1
354
0
0
144
0
0
113
0
0
0
0
0
0
15
0
1147
2911
0
697
697
14453
1172
0
0
1147
1147
39
0
0
421
0
793604
864158
867476
868866
22
210
0
39
0
0
83
795969
1389
773343
871
14648
224
925
487293
0
213
5
969
0
126
0
151
0
0
0
0
0
1227
528
1558
1586041
12784
26418
1578854
1562
212
3178004
0
0
0
0
444
0
0
3177749
3177749
8
3175021
143
93
65
159
197
4
0
0
0
0
0
0
0
1601
872
0
0
30
0
0
562
0
0
22230
157676
77
0
4
0
0
6
358
8
198
18
14769
514
883
2
0
71
696
563
0
0
0
325
0
0
861
863
861
0
1205
479
0
452
25
6404
477
0
0
1471
0
3558
3974
16
873197
0
671
877426
873436
877002
873436
0
890589
888867
6656
187
343
264
4933
2898
214
0
0
0
3679
3694
3679
2058
0
0
702
0
596
0
897324
0
898919
0
1186
2781
0
0
0
2781
378
93
457
96
0
43689
0
44920
2393
0
7558
7565
0
0
0
0
11
0
232
100
351
0
0
0
332
43864
0
0
53
53
0
0
68
622
726
0
0
0
39
5
92
947530
947553
1
127
180
0
11
19
12
4
8
0
11
4
0
127
1
947648
947679
690
7558
378
0
207
494
146
0
32
32
7825
7825
666
698
666
163
0
3
0
0
573
0
1535
0
0
10
0
96
3
0
0
0
0
1710
0
357
11588
0
357
0
0
0
289296
0
36
477
6454
781
7763
0
0
0
7
0
68
0
5287
5908
3680
318162
318162
0
208
0
16900
16900
0
162
138
69
0
551
234
52
0
182
52
0
0
0
861
0
0
0
16900
7927
406
1
7712
5287
42
663
13705
325
621
0
369
0
1928
368
0
4721
6
0
0
559
130
0
946
0
2
26
0
2
1217
688
0
1170
0
0
88
0
0
522
522
423
423
0
522
205
0
68
0
1777
1965
0
0
0
1777
423
175
0
101
0
22425
748
23169
23167
1082714
2944492
1367455
157763
0
3161425
0
5
2
0
3436
0
600
700
0
0
0
0
0
0
0
0
0
0
0
0
135
740
0
0
2
0
77
0
48
34153
2244
1170
0
0
