11978
3171
2857
1013
0
10176
10961
20136
0
0
0
0
0
0
0
0
0
0
0
0
0
0
5608950
0
5587968
35349
0
0
0
911
0
0
0
3371
0
0
0
20
0
27484
0
0
0
0
0
0
0
0
27484
0
0
0
27484
0
0
0
0
0
0
0
0
0
0
0
0
0
0
0
0
0
0
0
0
0
0
0
0
0
0
0
0
0
0
0
0
0
0
0
0
0
0
0
0
0
0
0
0
0
0
0
0
0
0
0
0
0
0
0
0
0
0
0
0
0
0
0
0
0
0
0
0
0
0
24483
0
0
0
0
0
0
0
0
0
0
0
0
0
0
1739
1324
0
0
0
0
0
0
0
0
0
0
0
0
0
0
0
0
0
0
0
0
0
0
1876
0
25301
149
99
53
0
0
630
1477
0
0
0
225
382
382
157
201
93
0
0
0
305
0
0
0
0
1548
337
0
2689
67
98
0
2346
0
0
0
7362
2143
0
193
0
0
393
165
2074
0
0
0
0
0
0
3527
3039
0
0
0
76528
4331
1218
42749
0
703
0
349
8512
10326
0
3187
0
169
0
0
582
297
36
0
217
0
8987
0
153
145
95
0
1410
16394
14126
2671
355
3032
0
0
0
0
35
12058
40384
10119
5306
807
36
2650
0
0
2237
0
5637
12973
0
355
971
0
0
0
1417
242
0
0
848
2524
3749
25785
30146
31195
209
273
689
133
0
219
36177
81
36258
0
189
0
75
5
0
36497
5113
183
594
0
0
269
35840
0
561
561
561
68
0
594
0
47
0
970
899
0
630
0
0
147
72
0
0
122
0
322
0
179826
179826
0
0
0
4
103
0
0
4
51
79
0
51
1009
0
0
31
0
27
10450
795
0
0
0
22256
413
0
0
4
31
0
3575
31240
31240
0
0
0
0
0
0
0
0
0
0
0
0
773
35
0
1006
0
1
51
1675
274
0
0
0
0
0
0
0
0
1248
0
0
0
0
0
0
52
0
0
0
0
149
74
68
115
138
0
94
0
0
0
0
0
0
0
222
193
51
11672
0
196
28
165
313
188
0
0
0
1499
0
0
56
38
0
0
28943
29435
0
1
3485
0
97
92
127
64
0
0
12290
2736
0
22
0
10535
45
12
9517
1416
4285
14286
14183
0
18462
18517
22058
182
56
22044
1558
24
3994
1681
29103
7964
4066
0
624
267
838
143
2030
170
734
1865
1410
1430
424
1179
2713
2513
38130
23088
108
19092
446
231
0
18985
8267
349
25111
65
26
18694
8581
25314
0
328
0
0
1920
210
10488
0
0
13059
46101
27722
0
0
31716
31238
4689
0
0
0
847
197
0
1131
758
0
87
1802
758
0
1200
0
0
0
0
340
146
13315
42
0
0
0
0
982
982
0
0
0
125
1252
1229
0
1229
0
62
783
0
0
171
171
171
780
0
0
0
0
139
0
0
2190
0
0
11
0
0
0
0
0
0
0
1084
0
1515
0
0
0
0
0
0
0
1211
0
0
697
0
0
2992
2339
0
1091
0
0
0
856
373
46
446
608
46
596
62
101
0
8
0
0
0
3363
2423
1091
768
926
0
664
1654
1654
0
56
0
0
0
5971
0
0
0
0
0
0
0
0
5971
2804
1710
0
35
0
0
0
79
0
0
309
203
27
0
1092
216
402
90
0
0
0
0
75
75
75
0
0
0
0
1902
0
0
382
0
0
540
58
0
0
0
3265
171
0
486
2084
50
940
0
0
1557
1604
663
628
0
67
0
273
0
0
0
0
0
0
886
584
4598
437
0
399
96
0
4004
121
747
79
2813
191
282
120
2223
50
29
629
890
1039
0
20
177
0
12
401
0
0
60
0
82
0
0
4048
0
497
0
75
345
1048
50
283
24
0
40
257
2951
0
17
1857
4461
695
621
22
271
47899
0
0
260
0
0
0
24441
24441
24539
260
24303
0
964
56
62
25193
25742
686
980
980
0
0
0
0
24716
0
24716
0
0
1379
980
60
0
0
0
25175
61
14
25128
25304
66
0
158
800
967
111
0
541
234
401
468
551
0
0
92
0
116
207
0
0
685
22
8
0
45
0
1644
307
16
54
26189
26189
1285
0
12
0
61
22335
0
0
4525
0
0
4525
21540
712
951
152
1871
33
0
0
0
0
0
0
0
0
0
0
0
0
0
0
0
