19588
4586
4137
1716
0
17903
17637
35371
0
0
0
0
0
0
0
0
0
0
0
0
0
0
9298711
0
9261868
60629
0
0
0
1863
0
0
0
6303
0
0
0
30
0
47144
0
0
0
0
0
0
0
0
47144
0
0
0
47144
0
0
0
0
0
0
0
0
0
0
0
0
0
0
0
0
0
0
0
0
0
0
0
0
0
0
0
0
0
0
0
0
0
0
0
0
0
0
0
0
0
0
0
0
0
0
0
0
0
0
0
0
0
0
0
0
0
0
0
0
0
0
0
0
0
0
0
0
0
0
41448
0
0
0
0
0
0
0
0
0
0
0
0
0
0
3575
2092
0
0
0
0
0
33
0
0
0
0
0
0
0
0
0
0
0
10
0
0
0
0
2659
0
45635
277
164
66
0
0
1213
2177
0
1
0
404
671
671
267
327
139
0
0
0
424
0
0
0
0
2549
613
0
4284
94
120
0
4073
0
0
0
12614
3384
0
330
0
0
685
300
3447
0
0
0
0
0
32
5742
4840
0
0
0
130622
7928
2015
74715
0
1167
0
1634
14865
17720
0
5134
2
237
1
0
1078
520
110
1
989
1
15646
1
268
260
139
0
2517
28651
26191
4390
713
5459
4
4
1
0
63
22933
71388
18016
10527
1439
110
4708
71
1
4095
21
8744
21751
0
456
1613
127
1
4
2397
471
4
9
1412
4380
6304
42127
53158
54872
336
435
1068
238
10
412
60138
170
60308
6
314
1
128
5
1
60720
7345
262
966
0
0
800
59074
0
920
922
920
135
2
1140
1
100
1
1598
1629
121
1325
6
0
238
131
1
3
240
0
1189
1
321491
321491
0
0
0
4
136
0
1
4
93
142
0
93
1598
0
0
139
0
86
17004
1012
1
0
0
36788
5032
6
0
4
90
49
6255
56191
56239
0
47
0
0
0
0
0
0
0
0
0
5
1206
56
1
1590
1
1
93
3300
477
4
0
0
3
0
0
0
0
2092
2
14
0
0
37
1
94
0
0
0
0
244
111
109
184
235
0
178
0
41
0
2
0
0
0
358
329
85
21865
0
277
49
316
482
313
0
0
0
2651
0
0
98
38
46
14
52699
53513
0
1
6089
2
161
199
177
123
0
0
26342
4813
2
45
0
19931
61
24
18397
3108
7756
27704
27598
44
36070
36225
42091
260
90
42088
2918
56
7358
3207
54785
14639
6879
0
1012
433
1478
274
3589
288
1219
2942
2642
2673
734
1989
5580
4738
70375
43324
172
35009
620
402
0
34589
15442
911
45272
85
1517
35477
16298
46999
2
779
0
0
3229
328
19126
1
0
23877
86560
52765
0
0
59157
58307
8284
0
1
0
1533
337
0
2048
1249
2
178
3120
1251
0
2167
21
1
0
5
592
239
24042
42
2
0
0
0
1714
1714
0
0
0
208
2758
2680
0
2681
0
76
1198
2
0
280
281
281
1351
1
0
0
0
208
1
0
3786
1
0
22
0
0
1
0
0
0
0
1738
0
2382
1
0
0
0
0
0
0
2087
1
0
1052
0
0
4793
3784
0
1744
0
0
1
1266
1155
62
1120
1148
68
983
89
196
0
36
37
0
0
6273
4858
1748
1370
1526
0
1070
2693
2694
4
72
0
1
0
10662
0
0
0
0
0
0
0
0
10662
4371
2767
1
43
0
5
0
193
1
0
598
357
48
0
1994
282
534
174
0
1
0
0
132
132
133
0
0
0
0
3297
0
0
599
1
0
752
88
1
0
0
5494
226
0
766
3429
50
1385
0
0
2843
2449
1098
909
2
105
0
406
0
0
0
0
0
0
1524
854
7832
613
0
634
138
0
6602
205
1266
105
4911
788
744
159
3892
111
88
1117
1550
1570
191
10
300
62
508
581
2
0
77
0
103
0
0
7083
0
980
0
99
674
1984
105
421
27
1
40
510
5540
0
18
3353
7843
1168
1030
36
468
94531
1
0
496
1
0
0
45224
45224
45412
497
44957
0
1535
127
92
46348
47190
1109
1560
1561
0
0
1
0
45005
0
45006
1
0
2145
1562
116
0
1
1
45704
135
25
45610
45951
108
41
612
1278
3439
483
0
1436
394
693
792
913
2
0
174
1
200
238
2
2
1314
22
8
0
100
0
2878
2112
16
103
47299
47302
2060
0
12
6
143
40834
0
0
7501
1
0
7501
39707
1216
1605
252
2957
54
0
0
1
0
0
2
0
0
87
87
0
0
0
0
87
